1.000 0.636 0.612 0.566 0.442 0.481 0.574 0.559 0.617 0.474 0.437 0.550 0.463 0.467 0.458 0.396 0.410 0.415 0.428 0.438 0.441 0.445 0.452 0.453 0.455 0.445 0.421 0.385 0.351 0.342 0.311 0.295 0.276 0.267 0.248 0.209 0.199 0.191 0.275
0.636 1.000 0.746 0.684 0.629 0.572 0.759 0.683 0.642 0.617 0.428 0.597 0.493 0.539 0.492 0.476 0.485 0.488 0.498 0.509 0.513 0.515 0.522 0.526 0.530 0.537 0.520 0.421 0.379 0.362 0.326 0.309 0.289 0.279 0.264 0.227 0.212 0.200 0.284
0.612 0.746 1.000 0.741 0.645 0.591 0.832 0.748 0.636 0.641 0.431 0.575 0.485 0.505 0.497 0.450 0.458 0.456 0.465 0.482 0.487 0.491 0.500 0.504 0.506 0.507 0.472 0.400 0.358 0.344 0.311 0.294 0.276 0.265 0.250 0.211 0.200 0.191 0.257
0.566 0.684 0.741 1.000 0.705 0.761 0.774 0.988 0.647 0.762 0.486 0.679 0.586 0.595 0.579 0.567 0.578 0.576 0.585 0.605 0.613 0.616 0.625 0.626 0.620 0.625 0.579 0.490 0.441 0.419 0.376 0.355 0.334 0.321 0.302 0.259 0.243 0.229 0.298
0.442 0.629 0.645 0.705 1.000 0.692 0.696 0.713 0.591 0.663 0.499 0.577 0.562 0.596 0.550 0.595 0.601 0.593 0.595 0.598 0.600 0.600 0.607 0.610 0.607 0.618 0.574 0.450 0.395 0.374 0.331 0.308 0.286 0.274 0.258 0.212 0.195 0.185 0.267
0.481 0.572 0.591 0.761 0.692 1.000 0.612 0.752 0.604 0.664 0.433 0.591 0.520 0.542 0.520 0.550 0.553 0.554 0.563 0.576 0.582 0.585 0.590 0.589 0.579 0.581 0.541 0.428 0.379 0.360 0.321 0.301 0.280 0.269 0.253 0.211 0.197 0.190 0.255
0.574 0.759 0.832 0.774 0.696 0.612 1.000 0.785 0.587 0.721 0.597 0.698 0.626 0.625 0.633 0.572 0.582 0.578 0.582 0.585 0.588 0.593 0.593 0.594 0.600 0.605 0.569 0.507 0.451 0.436 0.396 0.372 0.353 0.342 0.323 0.270 0.256 0.243 0.351
0.559 0.683 0.748 0.988 0.713 0.752 0.785 1.000 0.639 0.755 0.487 0.675 0.583 0.589 0.574 0.559 0.570 0.568 0.577 0.596 0.605 0.609 0.618 0.620 0.615 0.622 0.575 0.484 0.436 0.414 0.372 0.351 0.330 0.317 0.300 0.257 0.242 0.228 0.296
0.617 0.642 0.636 0.647 0.591 0.604 0.587 0.639 1.000 0.670 0.482 0.651 0.573 0.628 0.568 0.621 0.625 0.628 0.640 0.662 0.662 0.661 0.664 0.658 0.650 0.651 0.613 0.484 0.435 0.414 0.371 0.352 0.328 0.313 0.292 0.244 0.228 0.217 0.292
0.474 0.617 0.641 0.762 0.663 0.664 0.721 0.755 0.670 1.000 0.566 0.744 0.677 0.733 0.686 0.719 0.719 0.712 0.716 0.734 0.734 0.733 0.730 0.721 0.710 0.727 0.673 0.554 0.489 0.464 0.413 0.390 0.364 0.349 0.326 0.266 0.247 0.235 0.327
0.437 0.428 0.431 0.486 0.499 0.433 0.597 0.487 0.482 0.566 1.000 0.683 0.833 0.711 0.860 0.695 0.695 0.683 0.667 0.631 0.620 0.614 0.589 0.572 0.563 0.568 0.546 0.644 0.553 0.533 0.470 0.430 0.399 0.386 0.354 0.266 0.243 0.228 0.413
0.550 0.597 0.575 0.679 0.577 0.591 0.698 0.675 0.651 0.744 0.683 1.000 0.734 0.745 0.756 0.727 0.727 0.721 0.720 0.718 0.714 0.713 0.702 0.691 0.683 0.687 0.649 0.596 0.521 0.496 0.440 0.413 0.384 0.369 0.343 0.276 0.256 0.240 0.370
0.463 0.493 0.485 0.586 0.562 0.520 0.626 0.583 0.573 0.677 0.833 0.734 1.000 0.766 0.874 0.738 0.739 0.727 0.715 0.693 0.683 0.676 0.654 0.638 0.627 0.637 0.608 0.664 0.575 0.550 0.485 0.447 0.416 0.400 0.369 0.285 0.263 0.249 0.408
0.467 0.539 0.505 0.595 0.596 0.542 0.625 0.589 0.628 0.733 0.711 0.745 0.766 1.000 0.776 0.739 0.734 0.722 0.716 0.708 0.701 0.695 0.680 0.669 0.655 0.668 0.640 0.627 0.548 0.520 0.458 0.424 0.392 0.376 0.349 0.280 0.259 0.241 0.376
0.458 0.492 0.497 0.579 0.550 0.520 0.633 0.574 0.568 0.686 0.860 0.756 0.874 0.776 1.000 0.782 0.775 0.759 0.742 0.718 0.707 0.701 0.678 0.661 0.645 0.657 0.631 0.721 0.617 0.587 0.514 0.473 0.438 0.421 0.389 0.301 0.279 0.263 0.435
0.396 0.476 0.450 0.567 0.595 0.550 0.572 0.559 0.621 0.719 0.695 0.727 0.738 0.739 0.782 1.000 0.987 0.972 0.951 0.918 0.900 0.889 0.866 0.847 0.825 0.834 0.797 0.628 0.544 0.516 0.452 0.422 0.389 0.371 0.343 0.265 0.241 0.223 0.369
0.410 0.485 0.458 0.578 0.601 0.553 0.582 0.570 0.625 0.719 0.695 0.727 0.739 0.734 0.775 0.987 1.000 0.989 0.973 0.942 0.926 0.916 0.896 0.879 0.860 0.865 0.825 0.624 0.549 0.523 0.460 0.430 0.397 0.380 0.351 0.272 0.248 0.230 0.377
0.415 0.488 0.456 0.576 0.593 0.554 0.578 0.568 0.628 0.712 0.683 0.721 0.727 0.722 0.759 0.972 0.989 1.000 0.989 0.963 0.950 0.940 0.920 0.903 0.884 0.884 0.840 0.612 0.539 0.518 0.457 0.428 0.396 0.378 0.349 0.270 0.246 0.227 0.373
0.428 0.498 0.465 0.585 0.595 0.563 0.582 0.577 0.640 0.716 0.667 0.720 0.715 0.716 0.742 0.951 0.973 0.989 1.000 0.983 0.973 0.964 0.946 0.931 0.913 0.910 0.863 0.605 0.536 0.518 0.462 0.434 0.402 0.385 0.357 0.279 0.255 0.237 0.377
0.438 0.509 0.482 0.605 0.598 0.576 0.585 0.596 0.662 0.734 0.631 0.718 0.693 0.708 0.718 0.918 0.942 0.963 0.983 1.000 0.993 0.987 0.975 0.961 0.944 0.938 0.885 0.595 0.532 0.514 0.461 0.439 0.408 0.391 0.364 0.290 0.266 0.248 0.375
0.441 0.513 0.487 0.613 0.600 0.582 0.588 0.605 0.662 0.734 0.620 0.714 0.683 0.701 0.707 0.900 0.926 0.950 0.973 0.993 1.000 0.995 0.985 0.973 0.958 0.950 0.895 0.585 0.524 0.507 0.455 0.433 0.405 0.388 0.362 0.288 0.265 0.247 0.373
0.445 0.515 0.491 0.616 0.600 0.585 0.593 0.609 0.661 0.733 0.614 0.713 0.676 0.695 0.701 0.889 0.916 0.940 0.964 0.987 0.995 1.000 0.991 0.980 0.967 0.959 0.905 0.578 0.519 0.502 0.451 0.430 0.402 0.388 0.362 0.289 0.266 0.249 0.375
0.452 0.522 0.500 0.625 0.607 0.590 0.593 0.618 0.664 0.730 0.589 0.702 0.654 0.680 0.678 0.866 0.896 0.920 0.946 0.975 0.985 0.991 1.000 0.992 0.982 0.971 0.915 0.563 0.506 0.490 0.441 0.421 0.394 0.380 0.357 0.286 0.265 0.247 0.368
0.453 0.526 0.504 0.626 0.610 0.589 0.594 0.620 0.658 0.721 0.572 0.691 0.638 0.669 0.661 0.847 0.879 0.903 0.931 0.961 0.973 0.980 0.992 1.000 0.992 0.980 0.921 0.549 0.495 0.479 0.431 0.412 0.386 0.372 0.350 0.283 0.262 0.245 0.365
0.455 0.530 0.506 0.620 0.607 0.579 0.600 0.615 0.650 0.710 0.563 0.683 0.627 0.655 0.645 0.825 0.860 0.884 0.913 0.944 0.958 0.967 0.982 0.992 1.000 0.988 0.931 0.538 0.486 0.471 0.424 0.406 0.381 0.368 0.347 0.282 0.263 0.246 0.366
0.445 0.537 0.507 0.625 0.618 0.581 0.605 0.622 0.651 0.727 0.568 0.687 0.637 0.668 0.657 0.834 0.865 0.884 0.910 0.938 0.950 0.959 0.971 0.980 0.988 1.000 0.952 0.550 0.497 0.480 0.432 0.414 0.388 0.375 0.354 0.288 0.270 0.254 0.378
0.421 0.520 0.472 0.579 0.574 0.541 0.569 0.575 0.613 0.673 0.546 0.649 0.608 0.640 0.631 0.797 0.825 0.840 0.863 0.885 0.895 0.905 0.915 0.921 0.931 0.952 1.000 0.533 0.481 0.464 0.418 0.401 0.376 0.364 0.344 0.282 0.266 0.252 0.386
0.385 0.421 0.400 0.490 0.450 0.428 0.507 0.484 0.484 0.554 0.644 0.596 0.664 0.627 0.721 0.628 0.624 0.612 0.605 0.595 0.585 0.578 0.563 0.549 0.538 0.550 0.533 1.000 0.981 0.966 0.932 0.907 0.884 0.870 0.845 0.799 0.777 0.764 0.808
0.351 0.379 0.358 0.441 0.395 0.379 0.451 0.436 0.435 0.489 0.553 0.521 0.575 0.548 0.617 0.544 0.549 0.539 0.536 0.532 0.524 0.519 0.506 0.495 0.486 0.497 0.481 0.981 1.000 0.993 0.976 0.959 0.942 0.931 0.912 0.874 0.855 0.843 0.862
0.342 0.362 0.344 0.419 0.374 0.360 0.436 0.414 0.414 0.464 0.533 0.496 0.550 0.520 0.587 0.516 0.523 0.518 0.518 0.514 0.507 0.502 0.490 0.479 0.471 0.480 0.464 0.966 0.993 1.000 0.990 0.976 0.962 0.952 0.934 0.894 0.875 0.865 0.888
0.311 0.326 0.311 0.376 0.331 0.321 0.396 0.372 0.371 0.413 0.470 0.440 0.485 0.458 0.514 0.452 0.460 0.457 0.462 0.461 0.455 0.451 0.441 0.431 0.424 0.432 0.418 0.932 0.976 0.990 1.000 0.994 0.987 0.980 0.967 0.933 0.916 0.907 0.916
0.295 0.309 0.294 0.355 0.308 0.301 0.372 0.351 0.352 0.390 0.430 0.413 0.447 0.424 0.473 0.422 0.430 0.428 0.434 0.439 0.433 0.430 0.421 0.412 0.406 0.414 0.401 0.907 0.959 0.976 0.994 1.000 0.996 0.992 0.982 0.950 0.935 0.926 0.929
0.276 0.289 0.276 0.334 0.286 0.280 0.353 0.330 0.328 0.364 0.399 0.384 0.416 0.392 0.438 0.389 0.397 0.396 0.402 0.408 0.405 0.402 0.394 0.386 0.381 0.388 0.376 0.884 0.942 0.962 0.987 0.996 1.000 0.997 0.991 0.963 0.949 0.941 0.935
0.267 0.279 0.265 0.321 0.274 0.269 0.342 0.317 0.313 0.349 0.386 0.369 0.400 0.376 0.421 0.371 0.380 0.378 0.385 0.391 0.388 0.388 0.380 0.372 0.368 0.375 0.364 0.870 0.931 0.952 0.980 0.992 0.997 1.000 0.995 0.969 0.956 0.948 0.943
0.248 0.264 0.250 0.302 0.258 0.253 0.323 0.300 0.292 0.326 0.354 0.343 0.369 0.349 0.389 0.343 0.351 0.349 0.357 0.364 0.362 0.362 0.357 0.350 0.347 0.354 0.344 0.845 0.912 0.934 0.967 0.982 0.991 0.995 1.000 0.980 0.970 0.962 0.944
0.209 0.227 0.211 0.259 0.212 0.211 0.270 0.257 0.244 0.266 0.266 0.276 0.285 0.280 0.301 0.265 0.272 0.270 0.279 0.290 0.288 0.289 0.286 0.283 0.282 0.288 0.282 0.799 0.874 0.894 0.933 0.950 0.963 0.969 0.980 1.000 0.993 0.985 0.912
0.199 0.212 0.200 0.243 0.195 0.197 0.256 0.242 0.228 0.247 0.243 0.256 0.263 0.259 0.279 0.241 0.248 0.246 0.255 0.266 0.265 0.266 0.265 0.262 0.263 0.270 0.266 0.777 0.855 0.875 0.916 0.935 0.949 0.956 0.970 0.993 1.000 0.993 0.907
0.191 0.200 0.191 0.229 0.185 0.190 0.243 0.228 0.217 0.235 0.228 0.240 0.249 0.241 0.263 0.223 0.230 0.227 0.237 0.248 0.247 0.249 0.247 0.245 0.246 0.254 0.252 0.764 0.843 0.865 0.907 0.926 0.941 0.948 0.962 0.985 0.993 1.000 0.900
0.275 0.284 0.257 0.298 0.267 0.255 0.351 0.296 0.292 0.327 0.413 0.370 0.408 0.376 0.435 0.369 0.377 0.373 0.377 0.375 0.373 0.375 0.368 0.365 0.366 0.378 0.386 0.808 0.862 0.888 0.916 0.929 0.935 0.943 0.944 0.912 0.907 0.900 1.000
