1.000 0.714 0.698 0.678 0.596 0.607 0.670 0.672 0.715 0.610 0.565 0.623 0.594 0.616 0.595 0.392 0.404 0.410 0.422 0.433 0.436 0.440 0.447 0.449 0.450 0.440 0.417 0.562 0.558 0.552 0.539 0.534 0.514 0.501 0.483 0.428 0.418 0.418 0.458
0.714 1.000 0.825 0.790 0.755 0.695 0.835 0.790 0.729 0.738 0.564 0.661 0.623 0.654 0.626 0.473 0.481 0.485 0.495 0.505 0.509 0.511 0.518 0.522 0.526 0.532 0.517 0.614 0.610 0.596 0.577 0.571 0.548 0.536 0.524 0.469 0.467 0.472 0.520
0.698 0.825 1.000 0.833 0.778 0.721 0.878 0.838 0.737 0.777 0.571 0.674 0.643 0.655 0.651 0.449 0.457 0.456 0.465 0.482 0.487 0.491 0.500 0.504 0.506 0.506 0.473 0.599 0.589 0.568 0.547 0.544 0.521 0.510 0.499 0.448 0.445 0.451 0.490
0.678 0.790 0.833 1.000 0.818 0.850 0.829 0.992 0.753 0.810 0.594 0.713 0.675 0.693 0.685 0.566 0.577 0.575 0.584 0.605 0.612 0.615 0.624 0.624 0.618 0.623 0.578 0.648 0.645 0.630 0.613 0.611 0.587 0.573 0.561 0.501 0.495 0.503 0.550
0.596 0.755 0.778 0.818 1.000 0.773 0.789 0.825 0.697 0.760 0.593 0.653 0.653 0.669 0.660 0.590 0.596 0.588 0.591 0.593 0.595 0.595 0.602 0.604 0.602 0.611 0.569 0.623 0.611 0.593 0.568 0.562 0.538 0.526 0.516 0.457 0.451 0.458 0.516
0.607 0.695 0.721 0.850 0.773 1.000 0.730 0.844 0.703 0.729 0.546 0.649 0.623 0.648 0.632 0.549 0.551 0.552 0.561 0.575 0.581 0.583 0.589 0.586 0.576 0.578 0.539 0.600 0.593 0.582 0.567 0.564 0.542 0.530 0.518 0.457 0.448 0.455 0.507
0.670 0.835 0.878 0.829 0.789 0.730 1.000 0.836 0.685 0.810 0.678 0.744 0.720 0.718 0.725 0.570 0.579 0.576 0.581 0.584 0.587 0.591 0.592 0.593 0.598 0.602 0.567 0.687 0.671 0.654 0.625 0.612 0.588 0.575 0.555 0.493 0.489 0.491 0.548
0.672 0.790 0.838 0.992 0.825 0.844 0.836 1.000 0.749 0.812 0.594 0.710 0.676 0.691 0.684 0.559 0.570 0.568 0.577 0.597 0.605 0.608 0.617 0.619 0.614 0.621 0.575 0.644 0.641 0.625 0.607 0.606 0.583 0.570 0.559 0.499 0.494 0.502 0.551
0.715 0.729 0.737 0.753 0.697 0.703 0.685 0.749 1.000 0.761 0.619 0.700 0.684 0.729 0.689 0.622 0.627 0.629 0.641 0.663 0.663 0.662 0.665 0.659 0.651 0.652 0.614 0.635 0.631 0.618 0.607 0.606 0.582 0.568 0.549 0.485 0.472 0.476 0.509
0.610 0.738 0.777 0.810 0.760 0.729 0.810 0.812 0.761 1.000 0.680 0.767 0.758 0.779 0.770 0.716 0.716 0.709 0.713 0.732 0.732 0.731 0.728 0.718 0.708 0.725 0.672 0.691 0.673 0.647 0.618 0.613 0.586 0.574 0.556 0.493 0.485 0.493 0.530
0.565 0.564 0.571 0.594 0.593 0.546 0.678 0.594 0.619 0.680 1.000 0.746 0.856 0.786 0.875 0.696 0.696 0.684 0.668 0.633 0.623 0.617 0.592 0.575 0.565 0.570 0.548 0.781 0.743 0.724 0.676 0.640 0.610 0.590 0.550 0.470 0.451 0.445 0.504
0.623 0.661 0.674 0.713 0.653 0.649 0.744 0.710 0.700 0.767 0.746 1.000 0.774 0.788 0.796 0.725 0.725 0.720 0.719 0.718 0.714 0.713 0.703 0.691 0.683 0.687 0.649 0.748 0.718 0.693 0.654 0.631 0.601 0.583 0.553 0.483 0.469 0.465 0.496
0.594 0.623 0.643 0.675 0.653 0.623 0.720 0.676 0.684 0.758 0.856 0.774 1.000 0.822 0.890 0.736 0.736 0.725 0.713 0.691 0.682 0.675 0.654 0.638 0.627 0.636 0.608 0.787 0.755 0.733 0.691 0.662 0.631 0.613 0.578 0.499 0.480 0.477 0.532
0.616 0.654 0.655 0.693 0.669 0.648 0.718 0.691 0.729 0.779 0.786 0.788 0.822 1.000 0.833 0.736 0.732 0.720 0.714 0.707 0.700 0.694 0.680 0.668 0.654 0.667 0.639 0.768 0.741 0.722 0.685 0.662 0.632 0.613 0.582 0.507 0.489 0.488 0.536
0.595 0.626 0.651 0.685 0.660 0.632 0.725 0.684 0.689 0.770 0.875 0.796 0.890 0.833 1.000 0.782 0.775 0.758 0.741 0.719 0.708 0.702 0.680 0.663 0.647 0.658 0.632 0.845 0.802 0.775 0.727 0.695 0.661 0.641 0.604 0.521 0.502 0.501 0.563
0.392 0.473 0.449 0.566 0.590 0.549 0.570 0.559 0.622 0.716 0.696 0.725 0.736 0.736 0.782 1.000 0.987 0.973 0.952 0.919 0.902 0.891 0.869 0.850 0.829 0.837 0.800 0.635 0.553 0.525 0.459 0.428 0.392 0.372 0.342 0.262 0.239 0.222 0.365
0.404 0.481 0.457 0.577 0.596 0.551 0.579 0.570 0.627 0.716 0.696 0.725 0.736 0.732 0.775 0.987 1.000 0.989 0.973 0.943 0.928 0.918 0.898 0.881 0.862 0.867 0.827 0.631 0.558 0.531 0.467 0.436 0.400 0.381 0.350 0.269 0.246 0.228 0.373
0.410 0.485 0.456 0.575 0.588 0.552 0.576 0.568 0.629 0.709 0.684 0.720 0.725 0.720 0.758 0.973 0.989 1.000 0.989 0.964 0.951 0.941 0.921 0.905 0.886 0.885 0.842 0.619 0.548 0.527 0.464 0.434 0.398 0.379 0.348 0.267 0.244 0.226 0.369
0.422 0.495 0.465 0.584 0.591 0.561 0.581 0.577 0.641 0.713 0.668 0.719 0.713 0.714 0.741 0.952 0.973 0.989 1.000 0.983 0.973 0.965 0.948 0.933 0.915 0.911 0.864 0.612 0.545 0.526 0.468 0.440 0.405 0.386 0.356 0.276 0.253 0.235 0.373
0.433 0.505 0.482 0.605 0.593 0.575 0.584 0.597 0.663 0.732 0.633 0.718 0.691 0.707 0.719 0.919 0.943 0.964 0.983 1.000 0.994 0.987 0.975 0.962 0.946 0.939 0.886 0.601 0.540 0.522 0.466 0.443 0.409 0.390 0.361 0.285 0.262 0.245 0.369
0.436 0.509 0.487 0.612 0.595 0.581 0.587 0.605 0.663 0.732 0.623 0.714 0.682 0.700 0.708 0.902 0.928 0.951 0.973 0.994 1.000 0.995 0.986 0.974 0.959 0.950 0.896 0.592 0.532 0.514 0.460 0.437 0.406 0.387 0.359 0.284 0.262 0.245 0.367
0.440 0.511 0.491 0.615 0.595 0.583 0.591 0.608 0.662 0.731 0.617 0.713 0.675 0.694 0.702 0.891 0.918 0.941 0.965 0.987 0.995 1.000 0.992 0.981 0.968 0.959 0.906 0.585 0.526 0.509 0.457 0.434 0.404 0.387 0.359 0.284 0.263 0.246 0.369
0.447 0.518 0.500 0.624 0.602 0.589 0.592 0.617 0.665 0.728 0.592 0.703 0.654 0.680 0.680 0.869 0.898 0.921 0.948 0.975 0.986 0.992 1.000 0.993 0.982 0.972 0.916 0.570 0.514 0.497 0.446 0.425 0.395 0.379 0.354 0.282 0.261 0.245 0.363
0.449 0.522 0.504 0.624 0.604 0.586 0.593 0.619 0.659 0.718 0.575 0.691 0.638 0.668 0.663 0.850 0.881 0.905 0.933 0.962 0.974 0.981 0.993 1.000 0.992 0.980 0.922 0.556 0.503 0.487 0.437 0.417 0.388 0.372 0.348 0.280 0.260 0.244 0.360
0.450 0.526 0.506 0.618 0.602 0.576 0.598 0.614 0.651 0.708 0.565 0.683 0.627 0.654 0.647 0.829 0.862 0.886 0.915 0.946 0.959 0.968 0.982 0.992 1.000 0.988 0.932 0.545 0.494 0.478 0.430 0.411 0.383 0.368 0.345 0.278 0.260 0.245 0.362
0.440 0.532 0.506 0.623 0.611 0.578 0.602 0.621 0.652 0.725 0.570 0.687 0.636 0.667 0.658 0.837 0.867 0.885 0.911 0.939 0.950 0.959 0.972 0.980 0.988 1.000 0.953 0.556 0.504 0.486 0.437 0.417 0.389 0.374 0.351 0.284 0.267 0.252 0.373
0.417 0.517 0.473 0.578 0.569 0.539 0.567 0.575 0.614 0.672 0.548 0.649 0.608 0.639 0.632 0.800 0.827 0.842 0.864 0.886 0.896 0.906 0.916 0.922 0.932 0.953 1.000 0.538 0.487 0.469 0.422 0.404 0.378 0.364 0.342 0.278 0.264 0.251 0.381
0.562 0.614 0.599 0.648 0.623 0.600 0.687 0.644 0.635 0.691 0.781 0.748 0.787 0.768 0.845 0.635 0.631 0.619 0.612 0.601 0.592 0.585 0.570 0.556 0.545 0.556 0.538 1.000 0.985 0.969 0.938 0.906 0.883 0.865 0.833 0.778 0.761 0.753 0.747
0.558 0.610 0.589 0.645 0.611 0.593 0.671 0.641 0.631 0.673 0.743 0.718 0.755 0.741 0.802 0.553 0.558 0.548 0.545 0.540 0.532 0.526 0.514 0.503 0.494 0.504 0.487 0.985 1.000 0.991 0.973 0.950 0.931 0.916 0.888 0.840 0.825 0.817 0.802
0.552 0.596 0.568 0.630 0.593 0.582 0.654 0.625 0.618 0.647 0.724 0.693 0.733 0.722 0.775 0.525 0.531 0.527 0.526 0.522 0.514 0.509 0.497 0.487 0.478 0.486 0.469 0.969 0.991 1.000 0.988 0.968 0.953 0.939 0.911 0.862 0.846 0.837 0.827
0.539 0.577 0.547 0.613 0.568 0.567 0.625 0.607 0.607 0.618 0.676 0.654 0.691 0.685 0.727 0.459 0.467 0.464 0.468 0.466 0.460 0.457 0.446 0.437 0.430 0.437 0.422 0.938 0.973 0.988 1.000 0.991 0.982 0.972 0.951 0.910 0.894 0.885 0.868
0.534 0.571 0.544 0.611 0.562 0.564 0.612 0.606 0.606 0.613 0.640 0.631 0.662 0.662 0.695 0.428 0.436 0.434 0.440 0.443 0.437 0.434 0.425 0.417 0.411 0.417 0.404 0.906 0.950 0.968 0.991 1.000 0.995 0.989 0.974 0.938 0.923 0.915 0.897
0.514 0.548 0.521 0.587 0.538 0.542 0.588 0.583 0.582 0.586 0.610 0.601 0.631 0.632 0.661 0.392 0.400 0.398 0.405 0.409 0.406 0.404 0.395 0.388 0.383 0.389 0.378 0.883 0.931 0.953 0.982 0.995 1.000 0.996 0.986 0.956 0.942 0.933 0.910
0.501 0.536 0.510 0.573 0.526 0.530 0.575 0.570 0.568 0.574 0.590 0.583 0.613 0.613 0.641 0.372 0.381 0.379 0.386 0.390 0.387 0.387 0.379 0.372 0.368 0.374 0.364 0.865 0.916 0.939 0.972 0.989 0.996 1.000 0.993 0.968 0.955 0.947 0.924
0.483 0.524 0.499 0.561 0.516 0.518 0.555 0.559 0.549 0.556 0.550 0.553 0.578 0.582 0.604 0.342 0.350 0.348 0.356 0.361 0.359 0.359 0.354 0.348 0.345 0.351 0.342 0.833 0.888 0.911 0.951 0.974 0.986 0.993 1.000 0.983 0.974 0.967 0.941
0.428 0.469 0.448 0.501 0.457 0.457 0.493 0.499 0.485 0.493 0.470 0.483 0.499 0.507 0.521 0.262 0.269 0.267 0.276 0.285 0.284 0.284 0.282 0.280 0.278 0.284 0.278 0.778 0.840 0.862 0.910 0.938 0.956 0.968 0.983 1.000 0.995 0.989 0.926
0.418 0.467 0.445 0.495 0.451 0.448 0.489 0.494 0.472 0.485 0.451 0.469 0.480 0.489 0.502 0.239 0.246 0.244 0.253 0.262 0.262 0.263 0.261 0.260 0.260 0.267 0.264 0.761 0.825 0.846 0.894 0.923 0.942 0.955 0.974 0.995 1.000 0.996 0.930
0.418 0.472 0.451 0.503 0.458 0.455 0.491 0.502 0.476 0.493 0.445 0.465 0.477 0.488 0.501 0.222 0.228 0.226 0.235 0.245 0.245 0.246 0.245 0.244 0.245 0.252 0.251 0.753 0.817 0.837 0.885 0.915 0.933 0.947 0.967 0.989 0.996 1.000 0.937
0.458 0.520 0.490 0.550 0.516 0.507 0.548 0.551 0.509 0.530 0.504 0.496 0.532 0.536 0.563 0.365 0.373 0.369 0.373 0.369 0.367 0.369 0.363 0.360 0.362 0.373 0.381 0.747 0.802 0.827 0.868 0.897 0.910 0.924 0.941 0.926 0.930 0.937 1.000
